1 [49, 2, 3, 4, 36, 5, 6, 15]
2 [1, 34, 35, 36, 22]
3 [49, 1, 8, 24, 41, 12, 30]
4 [1, 7, 8, 9]
5 [1, 10, 26, 11]
6 [1, 12, 13, 14]
7 [16, 17, 4, 15]
8 [18, 19, 3, 4, 20]
9 [4, 21, 22, 38]
10 [5, 23, 24]
11 [32, 5, 25]
12 [33, 3, 6, 26, 27, 28]
13 [18, 6, 25, 29, 30, 31]
14 [32, 33, 6, 41]
15 [1, 34, 7, 24]
16 [7]
17 [7]
18 [8, 13]
19 [8]
20 [8]
21 [24, 9]
22 [2, 9]
23 [10]
24 [3, 21, 10, 15]
25 [11, 13]
26 [5, 43, 12, 46]
27 [12]
28 [12]
29 [13]
30 [3, 13]
31 [13]
32 [11, 14]
33 [12, 14]
34 [2, 36, 37, 15]
35 [2, 38, 39]
36 [1, 2, 34, 40]
37 [34, 41, 42, 43, 45]
38 [35, 9, 44]
39 [35, 45, 46, 47]
40 [48, 36]
41 [3, 37, 14]
42 [37]
43 [37, 26, 44]
44 [38, 43]
45 [37, 39]
46 [39, 26]
47 [39]
48 [40]
49 [1, 3]
BackBoneNode = 1, 2, 3