1 [2, 3, 6, 250]
2 [65, 1, 66, 67, 3, 68, 4, 69, 5]
3 [1, 2, 4, 5, 90, 124, 125]
4 [2, 3, 5, 183, 184]
5 [242, 2, 243, 3, 244, 4, 245]
6 [1, 7, 8, 13]
7 [6, 9, 10, 11, 27, 12]
8 [16, 6, 13, 14, 15]
9 [17, 18, 19, 20, 7]
10 [21, 22, 7, 23]
11 [7, 24]
12 [7, 25, 26]
13 [6, 8, 27, 28, 29, 30, 31]
14 [32, 33, 8]
15 [34, 35, 8]
16 [36, 37, 38, 8]
17 [39, 40, 9, 41, 42]
18 [9, 43, 44, 45, 46]
19 [48, 9, 47]
20 [49, 9]
21 [50, 51, 52, 10]
22 [53, 54, 10]
23 [55, 56, 57, 10]
24 [58, 11, 59, 60]
25 [12, 61]
26 [12, 62]
27 [7, 13, 63]
28 [64, 13]
29 [13]
30 [13]
31 [13]
32 [14]
33 [14]
34 [15]
35 [15]
36 [16]
37 [16]
38 [16]
39 [17]
40 [17]
41 [17]
42 [17]
43 [18]
44 [18]
45 [18]
46 [18]
47 [19]
48 [19]
49 [20]
50 [21]
51 [21]
52 [21]
53 [22]
54 [22]
55 [23]
56 [23]
57 [23]
58 [24]
59 [24]
60 [24]
61 [25]
62 [26]
63 [27]
64 [28]
65 [2, 70, 71, 72, 73]
66 [2, 74, 92]
67 [81, 2, 75, 76, 77]
68 [80, 81, 2, 78, 79]
69 [2, 82]
70 [65, 83, 84, 85]
71 [65, 86, 87, 88, 89, 90]
72 [65, 91, 92, 108, 93, 94, 95]
73 [96, 65, 97, 98, 99, 100]
74 [66, 101, 102, 103, 104]
75 [67, 105, 106, 107, 108, 92]
76 [112, 67, 109, 110, 111]
77 [113, 114, 67, 115, 116]
78 [68, 117]
79 [68, 118, 119, 120, 121]
80 [68, 122, 123]
81 [67, 68]
82 [69]
83 [70]
84 [70]
85 [70]
86 [71]
87 [71]
88 [71]
89 [71]
90 [3, 71]
91 [72]
92 [66, 72, 75]
93 [72]
94 [72]
95 [72]
96 [73]
97 [73]
98 [73]
99 [73]
100 [73]
101 [74]
102 [74]
103 [74]
104 [74]
105 [75]
106 [75]
107 [75]
108 [72, 75]
109 [76]
110 [76]
111 [76]
112 [76]
113 [77]
114 [77]
115 [77]
116 [77]
117 [78]
118 [79]
119 [79]
120 [79]
121 [79]
122 [80]
123 [80]
124 [3, 126, 127, 175]
125 [128, 129, 130, 3, 131]
126 [132, 124]
127 [133, 124]
128 [134, 135, 167, 125]
129 [136, 137, 125]
130 [138, 139, 140, 125, 141, 142]
131 [125, 143]
132 [144, 145, 146, 126]
133 [147, 148, 149, 150, 127]
134 [128, 151, 152]
135 [128, 153, 154, 155, 156, 157]
136 [160, 129, 158, 159]
137 [129, 161, 162, 163, 164]
138 [130, 165, 166]
139 [130, 167, 168, 169, 170]
140 [130, 171, 172, 173, 174, 175]
141 [176, 177, 130]
142 [130, 178, 179, 180, 181, 182]
143 [131]
144 [132]
145 [132]
146 [132]
147 [133]
148 [133]
149 [133]
150 [133]
151 [134]
152 [134]
153 [135]
154 [135]
155 [135]
156 [135]
157 [135]
158 [136]
159 [136]
160 [136]
161 [137]
162 [137]
163 [137]
164 [177, 137]
165 [138]
166 [138]
167 [128, 139]
168 [139]
169 [139]
170 [139]
171 [140]
172 [140]
173 [140]
174 [140]
175 [140, 124]
176 [141]
177 [164, 141]
178 [142]
179 [142]
180 [142]
181 [142]
182 [142]
183 [4, 185, 186, 187, 188, 189]
184 [192, 194, 4, 190, 191]
185 [193, 197, 183]
186 [194, 183]
187 [195, 196, 183]
188 [197, 183]
189 [198, 183, 199]
190 [184, 200, 201, 202]
191 [184, 203, 204, 205]
192 [208, 184, 206, 207]
193 [209, 210, 211, 212, 213, 185]
194 [214, 215, 216, 184, 217, 186, 218]
195 [187, 219, 220, 221]
196 [187, 222, 223]
197 [224, 225, 226, 227, 185, 188]
198 [228, 229, 230, 231, 189]
199 [232, 233, 234, 189]
200 [235, 236, 190]
201 [240, 237, 190, 238, 239]
202 [241, 213, 190]
203 [191]
204 [191]
205 [191]
206 [192]
207 [192]
208 [192]
209 [193]
210 [193]
211 [193]
212 [193]
213 [193, 226, 228, 202]
214 [194]
215 [194]
216 [194]
217 [194]
218 [194]
219 [195]
220 [195]
221 [195]
222 [196]
223 [196]
224 [197]
225 [197]
226 [197, 213]
227 [197]
228 [213, 198]
229 [198]
230 [198]
231 [198]
232 [199]
233 [199]
234 [199]
235 [200]
236 [200]
237 [201]
238 [201]
239 [201]
240 [201]
241 [202]
242 [5, 246, 247, 248, 249, 250]
243 [5, 251, 252, 253, 254, 255]
244 [256, 5]
245 [257, 258, 5, 271]
246 [242, 259, 260, 261]
247 [242, 262, 263, 264, 265]
248 [242, 266, 267, 268]
249 [272, 273, 242, 269, 270, 271]
250 [1, 242, 274, 275]
251 [243, 276, 277, 278]
252 [243, 279, 280, 281]
253 [243, 282, 283, 284]
254 [288, 243, 285, 286, 287]
255 [289, 290, 243, 291, 292, 293]
256 [244, 294, 295, 296, 297]
257 [245, 298, 299, 300]
258 [245]
259 [246]
260 [246]
261 [246]
262 [247]
263 [247]
264 [247]
265 [247]
266 [248]
267 [248]
268 [248]
269 [249]
270 [249]
271 [245, 249]
272 [249]
273 [249]
274 [250]
275 [250]
276 [251]
277 [251]
278 [251, 284]
279 [252]
280 [252]
281 [252]
282 [253]
283 [253]
284 [278, 253]
285 [254]
286 [254]
287 [254]
288 [254]
289 [255]
290 [255]
291 [255]
292 [255]
293 [255]
294 [256]
295 [256]
296 [256]
297 [256]
298 [257]
299 [257]
300 [257]
1, 2, 3, 4, 5