1 [81, 22, 55, 73, 62, 79]
2 [5, 10, 60, 79]
5 [16, 81, 33, 2, 68, 87]
7 [26]
10 [2, 70, 26]
11 [23]
12 [48]
13 [71, 89]
16 [5, 54, 24]
17 [65, 18, 68, 54, 55]
18 [17, 99, 68, 22, 60, 61, 47]
22 [48, 80, 96, 1, 18, 68]
23 [55, 71, 59, 11]
24 [48, 80, 16, 50, 36, 68, 60, 78]
26 [7, 10, 94, 79]
33 [5, 70]
36 [81, 87, 24, 61, 78]
43 [50, 99, 68, 71, 94]
47 [18, 60, 61]
48 [22, 24, 12, 61]
50 [24, 43, 78]
54 [16, 81, 17, 87]
55 [80, 1, 81, 17, 68, 70, 23]
59 [23]
60 [2, 18, 24, 73, 89, 61, 47]
61 [48, 65, 18, 36, 60, 94, 47]
62 [1, 70, 78]
65 [81, 17, 89, 61]
68 [81, 17, 18, 5, 22, 55, 24, 43, 94, 78, 79]
70 [33, 55, 10, 62]
71 [23, 43, 13]
73 [1, 60, 78]
78 [80, 96, 50, 36, 68, 24, 73, 62]
79 [1, 2, 68, 26]
80 [22, 55, 24, 78]
81 [1, 65, 36, 68, 5, 54, 55, 89]
87 [36, 5, 54]
89 [81, 65, 60, 13]
94 [68, 26, 43, 61]
96 [22, 78]
99 [18, 43]
BackBoneNode = 1, 36, 68