1 [3, 4, 5]
2 [3, 36, 59]
3 [1, 2, 68, 69, 70]
4 [1, 6, 7]
5 [1, 8, 9]
6 [4, 10, 11, 12, 15]
7 [4, 13]
8 [5, 14]
9 [16, 17, 5, 15]
10 [18, 19, 20, 6]
11 [21, 6, 22]
12 [6, 23]
13 [7, 24]
14 [8, 24, 25, 26, 27]
15 [6, 9, 28, 29, 30]
16 [32, 33, 9, 31]
17 [34, 35, 9]
18 [10]
19 [10]
20 [10]
21 [11]
22 [11]
23 [12]
24 [13, 14]
25 [14]
26 [14]
27 [14]
28 [15]
29 [15]
30 [15]
31 [16]
32 [16]
33 [16]
34 [17]
35 [17]
36 [2, 37, 38]
37 [36, 39, 40, 41]
38 [36, 42, 43, 44]
39 [37, 45]
40 [48, 37, 46, 47]
41 [49, 37]
42 [50, 38]
43 [51, 52, 38]
44 [53, 38, 54]
45 [39, 55, 56]
46 [40, 57, 58]
47 [40, 59]
48 [40, 60, 61]
49 [64, 54, 41, 62, 63]
50 [65, 66, 42]
51 [67, 43]
52 [43]
53 [44]
54 [49, 44]
55 [45]
56 [45]
57 [46]
58 [46]
59 [2, 47]
60 [48]
61 [48]
62 [49]
63 [49]
64 [49]
65 [50]
66 [50]
67 [51]
68 [3, 71, 72, 73]
69 [3, 74, 92]
70 [3, 75]
71 [68, 76, 77]
72 [68, 78]
73 [68, 79]
74 [80, 69]
75 [81, 70]
76 [82, 83, 71]
77 [84, 71]
78 [85, 72]
79 [86, 87, 73]
80 [88, 89, 74, 90]
81 [85, 75, 91]
82 [76, 92, 93, 94]
83 [96, 97, 76, 95]
84 [98, 99, 100, 77]
85 [81, 78]
86 [79]
87 [79]
88 [80]
89 [80]
90 [80]
91 [81]
92 [82, 69]
93 [82]
94 [82]
95 [83]
96 [83]
97 [83]
98 [84]
99 [84]
100 [84]
BackBoneNode = 1, 2, 3