1 [2, 3, 4, 5, 7, 8, 9, 10, 11, 12, 13, 14, 15]
2 [1, 3, 4, 5, 6, 7, 8, 9, 10, 110, 111, 112, 113]
3 [1, 2, 6, 7, 8, 9, 10, 209, 210, 211, 212, 213, 214]
4 [1, 2, 5, 6, 7, 8, 9, 361, 10, 308, 309, 310, 311, 312, 313, 314]
5 [1, 2, 4, 6, 7, 8, 9, 10, 407, 408, 409, 410, 411, 412]
6 [2, 3, 4, 5, 902, 8, 9, 523, 851, 506, 602, 507, 508]
7 [1, 2, 3, 4, 5, 8, 648, 9, 605]
8 [704, 705, 1, 706, 2, 707, 3, 4, 5, 6, 7, 9, 10]
9 [1, 2, 803, 3, 804, 4, 805, 5, 806, 6, 807, 7, 808, 8, 10]
10 [1, 2, 3, 4, 5, 902, 903, 904, 8, 905, 9, 906, 907]
11 [16, 1]
12 [1, 17, 18, 19, 20, 21]
13 [1, 22, 23, 24, 25, 26]
14 [1, 101, 27, 28, 29, 30, 31]
15 [32, 1, 33, 34]
16 [35, 36, 37, 11]
17 [38, 39, 40, 41, 42, 12]
18 [48, 43, 12, 44, 45, 46, 47]
19 [49, 12]
20 [50, 12]
21 [51, 12]
22 [52, 13]
23 [36, 53, 54, 55, 13]
24 [56, 57, 58, 59, 60, 13, 61, 62]
25 [64, 65, 66, 67, 68, 13, 63]
26 [69, 13]
27 [70, 54, 71, 60, 14]
28 [72, 73, 74, 75, 76, 77, 14]
29 [80, 14, 78, 79]
30 [81, 82, 14]
31 [83, 84, 85, 86, 87, 57, 14]
32 [88, 89, 90, 91, 92, 15]
33 [96, 97, 98, 93, 94, 15, 95]
34 [99, 100, 15]
35 [16, 101]
36 [16, 102, 103, 23, 104, 105]
37 [16, 106, 107, 108, 109]
38 [17]
39 [17]
40 [17]
41 [17]
42 [17]
43 [18]
44 [18]
45 [18]
46 [18]
47 [18]
48 [18]
49 [19]
50 [20]
51 [21]
52 [22]
53 [23]
54 [23, 27]
55 [23]
56 [24]
57 [24, 31]
58 [24]
59 [24]
60 [24, 27]
61 [24]
62 [24]
63 [25]
64 [25]
65 [25]
66 [25]
67 [25]
68 [25]
69 [26]
70 [27]
71 [27]
72 [28]
73 [28]
74 [28]
75 [28]
76 [28]
77 [28]
78 [29]
79 [29]
80 [29, 95]
81 [30]
82 [30]
83 [31]
84 [94, 31]
85 [31]
86 [31]
87 [31]
88 [32]
89 [32]
90 [32]
91 [32]
92 [32]
93 [33]
94 [33, 84]
95 [80, 33]
96 [33]
97 [33]
98 [33]
99 [34]
100 [34]
101 [35, 14]
102 [36]
103 [36]
104 [36]
105 [36]
106 [37]
107 [37]
108 [37]
109 [37]
110 [2, 114, 115, 116, 117, 118, 119, 120, 156]
111 [2, 121]
112 [2, 184, 122, 123, 124]
113 [128, 2, 125, 126, 127]
114 [129, 130, 131, 132, 133, 134, 110]
115 [135, 136, 110]
116 [137, 138, 139, 110]
117 [144, 145, 140, 141, 110, 142, 143]
118 [146, 147, 148, 149, 110]
119 [150, 151, 152, 110]
120 [153, 154, 155, 110]
121 [156, 157, 111]
122 [112, 160, 158, 159]
123 [112, 161, 162, 163, 164, 165, 166]
124 [112, 167]
125 [113, 168, 169, 137, 170, 171]
126 [176, 113, 177, 172, 173, 174, 175]
127 [113, 178, 179, 195, 180, 181, 182, 183, 184]
128 [113, 185, 186, 187, 188, 189, 190]
129 [192, 193, 114, 191]
130 [114, 194]
131 [114, 195, 196, 197, 198, 199]
132 [114, 200, 201, 202, 203]
133 [208, 114, 204, 205, 206, 207]
134 [114]
135 [192, 115]
136 [115]
137 [116, 125]
138 [116]
139 [116, 141]
140 [117]
141 [117, 139]
142 [117]
143 [117]
144 [117]
145 [117]
146 [118]
147 [118]
148 [118]
149 [118]
150 [119]
151 [119]
152 [119]
153 [120]
154 [120]
155 [120]
156 [121, 110]
157 [121]
158 [122]
159 [122]
160 [122]
161 [123]
162 [123]
163 [123]
164 [123]
165 [123]
166 [123]
167 [124]
168 [125]
169 [125]
170 [125]
171 [125]
172 [126]
173 [126]
174 [126]
175 [126]
176 [126]
177 [126]
178 [127]
179 [127]
180 [127]
181 [127]
182 [127]
183 [127]
184 [112, 127]
185 [128]
186 [128]
187 [128]
188 [128]
189 [128]
190 [128]
191 [129]
192 [129, 135]
193 [129]
194 [130]
195 [131, 127]
196 [131]
197 [131]
198 [131]
199 [131]
200 [132]
201 [132]
202 [132]
203 [132]
204 [133]
205 [133]
206 [133]
207 [133]
208 [133]
209 [3, 215, 216, 217, 218, 219, 220, 221]
210 [224, 225, 289, 3, 222, 223]
211 [226, 3, 227, 228, 229]
212 [3, 230, 231]
213 [3, 232]
214 [3, 233, 234]
215 [209, 235]
216 [240, 209, 241, 242, 236, 237, 238, 239]
217 [209, 243]
218 [209, 244, 245, 246, 247, 287]
219 [209, 248, 249, 250, 251, 252, 253]
220 [256, 209, 257, 258, 259, 254, 255]
221 [209, 260, 261, 262]
222 [210, 263]
223 [210, 264, 265, 266]
224 [210, 267]
225 [272, 210, 268, 269, 270, 271]
226 [273, 211]
227 [274, 211, 275, 276, 277, 278, 279]
228 [211, 280, 281, 282]
229 [288, 289, 211, 283, 284, 285, 286, 287]
230 [290, 291, 212, 292]
231 [212, 293]
232 [213, 294, 295, 296, 297, 298]
233 [304, 214, 299, 300, 301, 302, 303]
234 [305, 306, 214]
235 [307, 215]
236 [216]
237 [216]
238 [216]
239 [216]
240 [216]
241 [216]
242 [216]
243 [217]
244 [218]
245 [218]
246 [218]
247 [218]
248 [219]
249 [219]
250 [219]
251 [219]
252 [219]
253 [219]
254 [220]
255 [220]
256 [220]
257 [220]
258 [220]
259 [220]
260 [221]
261 [221]
262 [221]
263 [222]
264 [277, 223]
265 [223]
266 [223]
267 [224]
268 [225]
269 [225]
270 [225]
271 [225]
272 [225]
273 [226]
274 [227]
275 [227]
276 [227]
277 [227, 264]
278 [227]
279 [227]
280 [228]
281 [228]
282 [228]
283 [229]
284 [229]
285 [229]
286 [229]
287 [229, 218]
288 [229]
289 [210, 229]
290 [230]
291 [230]
292 [230]
293 [231]
294 [232]
295 [232]
296 [232]
297 [232]
298 [232]
299 [233]
300 [233]
301 [233]
302 [233]
303 [233]
304 [233]
305 [234]
306 [234]
307 [235]
308 [4, 315, 316, 317, 318, 319]
309 [320, 321, 322, 4, 396]
310 [323, 4, 324, 325, 326, 327, 328]
311 [387, 4, 374, 329]
312 [4, 330, 396]
313 [336, 337, 4, 331, 332, 333, 334, 335]
314 [338, 339, 4, 340, 341, 342, 343, 344]
315 [308, 345, 346, 347, 348]
316 [352, 353, 308, 349, 350, 351]
317 [354, 355, 308, 356, 357, 358, 359, 343, 360]
318 [308, 340, 361]
319 [308, 362, 363, 364, 365]
320 [309, 366]
321 [368, 369, 370, 371, 372, 309, 367]
322 [309, 373, 374, 375, 376, 328, 377, 378, 379]
323 [337, 310, 380, 381, 382]
324 [384, 385, 386, 387, 388, 389, 310, 362, 383]
325 [310, 390]
326 [310, 391, 392, 393]
327 [310, 394, 395]
328 [400, 322, 310, 396, 397, 398, 399]
329 [401, 402, 403, 404, 311]
330 [405, 406, 312]
331 [313]
332 [352, 313]
333 [313]
334 [313]
335 [313]
336 [313, 365]
337 [323, 313]
338 [314]
339 [314]
340 [314, 318]
341 [314]
342 [314]
343 [314, 317]
344 [314]
345 [315]
346 [315]
347 [315]
348 [315]
349 [316]
350 [316]
351 [316]
352 [316, 332]
353 [316]
354 [317]
355 [317]
356 [317]
357 [317]
358 [317]
359 [317]
360 [317]
361 [4, 318]
362 [324, 319]
363 [319]
364 [319]
365 [336, 319]
366 [320]
367 [321]
368 [321]
369 [321]
370 [321]
371 [321]
372 [321]
373 [322]
374 [322, 311]
375 [322]
376 [322]
377 [322]
378 [322]
379 [322]
380 [323]
381 [323]
382 [323]
383 [324]
384 [324]
385 [324]
386 [324]
387 [324, 311]
388 [324]
389 [324]
390 [325]
391 [326]
392 [326]
393 [326]
394 [327]
395 [327]
396 [309, 328, 312]
397 [328]
398 [328]
399 [328]
400 [328]
401 [329]
402 [329]
403 [329]
404 [329]
405 [330]
406 [330]
407 [416, 5, 428, 413, 414, 415]
408 [417, 418, 419, 5]
409 [420, 5, 421]
410 [5, 422, 423, 424, 425, 426, 490, 427, 428]
411 [467, 5, 429, 430]
412 [432, 433, 434, 435, 436, 5, 437, 431]
413 [438, 407, 439, 440, 441, 442]
414 [407, 443, 444, 445, 446, 447]
415 [448, 449, 450, 451, 452, 453, 454, 407]
416 [407, 455, 456, 457, 458, 459, 460, 461]
417 [408, 462]
418 [464, 465, 408, 463]
419 [466, 467, 468, 469, 470, 408]
420 [471, 472, 409, 473, 474, 475, 476, 477]
421 [480, 409, 478, 479]
422 [481, 482, 483, 484, 485, 486, 410]
423 [487, 488, 489, 410, 490, 461]
424 [410, 491, 492]
425 [410, 493, 494]
426 [496, 497, 410, 495]
427 [498, 499, 500, 501, 410]
428 [502, 503, 407, 504, 505, 410]
429 [411]
430 [411]
431 [412]
432 [412]
433 [412]
434 [412]
435 [412]
436 [412]
437 [412]
438 [471, 413]
439 [413]
440 [413]
441 [413]
442 [413]
443 [414]
444 [414]
445 [414]
446 [414]
447 [414]
448 [415]
449 [415]
450 [415]
451 [415]
452 [415]
453 [415]
454 [489, 415]
455 [416]
456 [416]
457 [416]
458 [416]
459 [416]
460 [416]
461 [416, 466, 423]
462 [417]
463 [418]
464 [418]
465 [418, 484]
466 [419, 461]
467 [419, 411]
468 [419]
469 [419]
470 [419]
471 [420, 438]
472 [420]
473 [420]
474 [420]
475 [420]
476 [420]
477 [420]
478 [421]
479 [421]
480 [421]
481 [422]
482 [422]
483 [422]
484 [465, 422]
485 [422]
486 [422]
487 [423]
488 [423]
489 [454, 423]
490 [423, 410]
491 [424]
492 [424]
493 [425]
494 [425]
495 [426]
496 [426]
497 [426]
498 [427]
499 [427]
500 [427]
501 [427]
502 [428]
503 [428]
504 [428]
505 [428]
506 [512, 513, 548, 6, 509, 510, 511]
507 [514, 515, 516, 517, 6, 518, 519]
508 [6, 520, 521, 522, 523, 539, 524, 525, 526]
509 [506, 527]
510 [528, 506]
511 [529, 530, 506]
512 [531, 532, 533, 534, 535, 506]
513 [536, 537, 506]
514 [538, 507]
515 [544, 507, 539, 540, 541, 542, 543]
516 [545, 546, 547, 507]
517 [548, 507]
518 [549, 550, 507]
519 [551, 552, 553, 554, 507, 555, 556]
520 [560, 508, 557, 558, 559]
521 [561, 562, 508]
522 [563, 564, 565, 566, 567, 568, 508]
523 [6, 569, 570, 571, 508, 572, 573]
524 [576, 577, 578, 579, 600, 508, 588, 574, 575]
525 [580, 581, 582, 583, 584, 585, 586, 508]
526 [585, 587, 508, 588, 556, 589, 590]
527 [592, 593, 594, 509, 591]
528 [595, 596, 597, 598, 599, 600, 601, 510]
529 [602, 511]
530 [603, 604, 511]
531 [512]
532 [512]
533 [512]
534 [512]
535 [512]
536 [513]
537 [513]
538 [577, 514]
539 [515, 597, 508]
540 [515]
541 [515]
542 [515]
543 [515]
544 [515]
545 [547, 516]
546 [516]
547 [545, 516]
548 [517, 506]
549 [518]
550 [518]
551 [519]
552 [519]
553 [519]
554 [519]
555 [519]
556 [519, 526]
557 [520]
558 [520]
559 [520]
560 [520]
561 [521]
562 [521]
563 [522]
564 [522]
565 [522]
566 [522]
567 [522]
568 [522]
569 [523]
570 [523]
571 [523]
572 [523]
573 [523]
574 [524]
575 [524]
576 [524]
577 [538, 524]
578 [524]
579 [524]
580 [525]
581 [525, 589]
582 [525]
583 [525]
584 [525]
585 [525, 526]
586 [525]
587 [526]
588 [524, 526]
589 [581, 526]
590 [526]
591 [527]
592 [527]
593 [527]
594 [527]
595 [528]
596 [528]
597 [528, 539]
598 [528]
599 [528]
600 [528, 524]
601 [528]
602 [529, 6]
603 [530]
604 [530]
605 [608, 609, 7, 606, 607]
606 [610, 605]
607 [611, 612, 613, 614, 615, 605]
608 [616, 617, 618, 619, 620, 605, 621]
609 [690, 605, 622, 623]
610 [624, 625, 626, 627, 606]
611 [628, 629, 630, 631, 632, 633, 607]
612 [634, 635, 636, 607]
613 [640, 637, 638, 607, 639]
614 [641, 642, 643, 644, 645, 607]
615 [646, 647, 607]
616 [608, 624, 648, 649, 650, 700]
617 [608, 651]
618 [608, 656, 657, 658, 652, 653, 654, 655]
619 [608, 659, 660, 661, 662, 663, 664, 665]
620 [608, 666, 667, 668]
621 [608, 669]
622 [609, 670, 671]
623 [672, 609, 673, 674]
624 [610, 675, 676, 677, 678, 679, 616]
625 [610, 680, 681, 682, 683]
626 [688, 610, 684, 685, 686, 687]
627 [689, 610, 690, 691, 692, 693]
628 [611, 694, 695, 696, 697, 698]
629 [611, 699, 700]
630 [611, 701, 702, 703]
631 [611]
632 [611]
633 [611]
634 [612]
635 [612]
636 [612]
637 [613]
638 [613]
639 [613]
640 [613]
641 [614]
642 [614]
643 [614]
644 [614]
645 [614]
646 [615]
647 [615]
648 [7, 616]
649 [616]
650 [616]
651 [617]
652 [618]
653 [618]
654 [618]
655 [618]
656 [618]
657 [618]
658 [618]
659 [619]
660 [619]
661 [619]
662 [619]
663 [619]
664 [619]
665 [619]
666 [620]
667 [620]
668 [620]
669 [621]
670 [622]
671 [622]
672 [623]
673 [623]
674 [623]
675 [624]
676 [624]
677 [624]
678 [624]
679 [624]
680 [625]
681 [625]
682 [625]
683 [625]
684 [626]
685 [626]
686 [626]
687 [626]
688 [626]
689 [627]
690 [609, 627]
691 [627]
692 [627]
693 [627]
694 [628]
695 [628]
696 [628]
697 [628]
698 [628]
699 [629]
700 [629, 616]
701 [630]
702 [630]
703 [630]
704 [708, 709, 8]
705 [710, 711, 8, 712, 713, 799]
706 [8, 714, 715, 716]
707 [720, 721, 722, 723, 755, 8, 717, 718, 719]
708 [704, 724, 725, 726, 732]
709 [704, 727]
710 [705, 728, 729, 730, 731]
711 [705, 732, 733, 734, 735]
712 [736, 705, 737, 738, 739]
713 [705, 740, 741]
714 [706, 742, 743, 744, 745, 746, 747, 748]
715 [706, 716, 749, 750, 751]
716 [752, 753, 706, 754, 715]
717 [707, 755, 756, 757, 758, 759, 760, 761]
718 [768, 707, 762, 763, 764, 765, 766, 767]
719 [769, 770, 707, 771, 772, 773]
720 [707, 774, 775]
721 [707, 776, 777, 778, 779, 780, 781]
722 [707, 782]
723 [784, 785, 786, 707, 787, 788, 783]
724 [708, 789, 790, 791, 792, 793, 794]
725 [708, 795, 796]
726 [800, 708, 797, 798, 799]
727 [801, 709, 748]
728 [802, 710]
729 [710]
730 [710]
731 [710]
732 [708, 711]
733 [711]
734 [711]
735 [711]
736 [712]
737 [712]
738 [712]
739 [712]
740 [713, 777]
741 [713]
742 [714]
743 [714]
744 [714]
745 [714]
746 [714]
747 [714]
748 [727, 714]
749 [715]
750 [715]
751 [715]
752 [716]
753 [716]
754 [716]
755 [707, 717]
756 [717]
757 [717]
758 [717]
759 [717]
760 [717]
761 [717]
762 [718]
763 [718]
764 [718]
765 [718]
766 [718]
767 [718]
768 [718]
769 [719]
770 [719]
771 [719]
772 [719]
773 [719]
774 [720]
775 [720]
776 [721]
777 [721, 740]
778 [721]
779 [721]
780 [721]
781 [721]
782 [722]
783 [723]
784 [723]
785 [723]
786 [723]
787 [723]
788 [723]
789 [724]
790 [724]
791 [724]
792 [724]
793 [724]
794 [724]
795 [725]
796 [725]
797 [726]
798 [726]
799 [705, 726]
800 [726]
801 [727]
802 [728]
803 [9, 809, 810, 811, 812, 813, 814]
804 [816, 817, 818, 819, 820, 821, 855, 9, 815]
805 [822, 823, 824, 9, 825]
806 [832, 9, 826, 827, 828, 829, 830, 846, 831]
807 [833, 834, 835, 9]
808 [836, 837, 9]
809 [896, 803, 838, 839]
810 [817, 803, 840, 841]
811 [803, 842, 843, 844]
812 [848, 849, 803, 867, 845, 846, 847]
813 [850, 803, 851, 852, 853, 854, 855, 894]
814 [803, 856, 857, 858, 859, 860, 861, 862]
815 [864, 865, 866, 867, 804, 863]
816 [804, 868, 869, 870, 871, 872]
817 [804, 873, 874, 810, 875, 876]
818 [880, 804, 877, 878, 879]
819 [881, 882, 883, 804]
820 [804, 884]
821 [832, 804, 885]
822 [805, 886, 887, 888, 889]
823 [805, 890]
824 [805, 891, 892, 893]
825 [896, 897, 898, 805, 894, 895]
826 [899, 806]
827 [900, 901, 806]
828 [806]
829 [806]
830 [806]
831 [806]
832 [821, 806]
833 [837, 807]
834 [807]
835 [807]
836 [808]
837 [833, 808]
838 [809]
839 [809]
840 [810]
841 [810]
842 [811]
843 [811]
844 [811]
845 [812]
846 [806, 812]
847 [812]
848 [871, 812]
849 [812]
850 [813]
851 [6, 813]
852 [813]
853 [813]
854 [813]
855 [897, 804, 813]
856 [814]
857 [814]
858 [814]
859 [814]
860 [814]
861 [814]
862 [814]
863 [815]
864 [815]
865 [815]
866 [815]
867 [812, 815]
868 [816]
869 [816, 897]
870 [816]
871 [816, 848]
872 [816]
873 [817]
874 [817]
875 [817]
876 [817]
877 [818]
878 [818]
879 [818]
880 [818]
881 [819]
882 [819]
883 [819]
884 [820]
885 [821]
886 [822]
887 [822]
888 [822]
889 [822]
890 [823]
891 [824]
892 [824]
893 [824]
894 [825, 813]
895 [825]
896 [825, 809]
897 [869, 855, 825]
898 [825]
899 [826]
900 [827]
901 [827]
902 [912, 913, 6, 10, 908, 909, 910, 911]
903 [914, 915, 916, 10, 926]
904 [929, 917, 918, 10]
905 [919, 920, 921, 10]
906 [10, 922, 923, 924]
907 [10, 925, 926]
908 [902, 927]
909 [928, 929, 930, 931, 932, 933, 902, 934]
910 [902, 935, 936, 937, 938, 939]
911 [902, 940, 941]
912 [944, 945, 946, 947, 948, 902, 942, 943]
913 [949, 902, 950, 951, 952, 953, 954, 955]
914 [960, 961, 962, 903, 956, 957, 958, 959]
915 [963, 964, 965, 966, 903, 967, 968, 969]
916 [903, 970, 971, 972, 973, 974, 975]
917 [976, 977, 978, 979, 980, 904]
918 [977, 981, 982, 983, 904, 984]
919 [905, 985, 986, 987, 988, 989, 990]
920 [905, 991]
921 [992, 993, 994, 995, 905]
922 [996, 997, 906]
923 [998, 999, 1000, 906]
924 [906]
925 [907]
926 [903, 907]
927 [908, 942]
928 [909]
929 [904, 953, 909]
930 [909]
931 [909]
932 [909]
933 [909]
934 [909]
935 [910]
936 [910]
937 [910]
938 [910]
939 [910]
940 [911]
941 [911]
942 [912, 927]
943 [912]
944 [912]
945 [912]
946 [912]
947 [912]
948 [912]
949 [913]
950 [913]
951 [913]
952 [913]
953 [913, 929]
954 [913]
955 [913]
956 [914]
957 [914]
958 [914]
959 [914]
960 [914]
961 [914]
962 [914]
963 [915]
964 [915]
965 [915, 995]
966 [915]
967 [915]
968 [915]
969 [915]
970 [916]
971 [916]
972 [916]
973 [916]
974 [916]
975 [916]
976 [917]
977 [917, 918]
978 [917]
979 [917]
980 [917]
981 [918]
982 [918]
983 [918]
984 [918]
985 [919]
986 [919]
987 [919]
988 [919]
989 [919]
990 [919]
991 [920]
992 [921]
993 [921]
994 [921]
995 [965, 921]
996 [922]
997 [922]
998 [923]
999 [923]
1000 [923]
1, 2, 3, 4, 5, 6, 7, 8, 9, 10